WHL.Inertia = 0.7;
WHL.LoadedRadius = 0.25;
EV.Mass = 329;
EV.FrontalArea = 0.75;                  %[m²]
EV.LongDragCoeff = 0.86;

MTR.Speed  = [0 461 565 670 775 880 942 943];
MTR.Torque = [13.1	13.1	10.6	9.0     7.7     6.8     6.4     0.1];
MTR.Overpower = 3.5;

Rw = WHL.LoadedRadius;
Jw = WHL.Inertia;
M = EV.Mass;
Red = 9;

Tpneu = 0.001;
Tmotor = 0.03;


g=9.8;

slip = [0 0.025 0.05 0.075 0.1 0.125 0.15 0.175 0.2 0.225 0.25 0.275 0.3 0.325 0.35 0.375 0.4 0.425 0.45 0.475 0.5 0.525 0.55 0.575 0.6 0.625 0.65 0.675 0.7 0.725 0.75 0.775 0.8 0.825 0.85 0.875 0.9 0.925 0.95 0.975 1];

%low
%friction = [0 0.2181818182 0.2981818182 0.3054545455 0.2836363636 0.28 0.2727272727 0.2654545455 0.2618181818 0.2545454545 0.2472727273 0.24 0.2363636364 0.2327272727 0.2290909091 0.2254545455 0.2218181818 0.2218181818 0.2218181818 0.2181818182 0.2181818182 0.2181818182 0.2145454545 0.2145454545 0.2145454545 0.2145454545 0.2109090909 0.2109090909 0.2109090909 0.2072727273 0.2072727273 0.2072727273 0.2036363636 0.2036363636 0.2036363636 0.2 0.2 0.2 0.1963636364 0.1963636364 0.1963636364];

%high
friction = [0 0.3454545455 0.6581818182 0.8218181818 0.9418181818 0.9963636364 1.032727273 1.047272727 1.061818182 1.050909091 1.047272727 1.043636364 1.036363636 1.025454545 1.018181818 1.007272727 1 0.9890909091 0.9818181818 0.9709090909 0.9636363636 0.9527272727 0.9454545455 0.9345454545 0.9272727273 0.92 0.9127272727 0.9054545455 0.8981818182 0.8909090909 0.8872727273 0.88 0.8763636364 0.8690909091 0.8618181818 0.8581818182 0.8509090909 0.8472727273 0.8436363636 0.8363636364 0.8327272727];

friction = friction.*1;